let lalong =
[['1', 7.889494, 98.367767, 1],
['2', 7.883907, 98.359692, 2],
['3', 7.889735, 98.355826, 3],
['4', 7.892387, 98.355578, 4],
['5', 7.895936, 98.353829, 5],
['6', 7.897110, 98.353062, 6],
['7', 7.896453, 98.351159, 7],
['8', 7.899302, 98.351155, 8],
['9', 7.899030, 98.343992, 9],
['10', 7.899340, 98.343175, 10],
['11', 7.901866, 98.338595, 11],
['12', 7.910740, 98.333751, 12],
['13', 7.916971, 98.342021, 13],
['14', 7.890523, 98.338773, 14],
['15', 7.892571, 98.335355, 15],
['16', 7.893992, 98.336641, 16],
['17', 7.894740, 98.333105, 17],
['18', 7.902784, 98.330125, 18],
['19', 7.902970, 98.336029, 19],
['20', 7.907999, 98.335779, 20],
['21', 7.893637, 98.365530, 21],
['22', 7.908481, 98.348064, 22],
['23', 7.900207, 98.353494, 23],
['24', 7.899224, 98.358579, 24],
['25', 7.894120, 98.357844, 25],
['26', 7.900486, 98.327706, 26],
['27', 7.905649, 98.327323, 27],
['28', 7.907198, 98.355207, 28],
['29', 7.898905, 98.356156, 29],
['30', 7.907842, 98.350521, 30]]